1000	100	6.383	0.007414	0.979987
1000	200	6.083	0.006462	0.986989
1000	400	5.023	0.005481	0.996056
1000	600	3.323	0.003755	0.996271
1000	800	1.256	0.001581	0.992255
1000	900	0.4125	0.0004519	0.976761
1200	100	2.97	0.00394	0.976902
1200	1000	0.4296	0.0004523	0.991253
1200	1100	0.1406	0.0001546	0.974499
1200	200	2.867	0.003207	0.984155
1200	400	2.511	0.003074	0.994028
1200	600	1.947	0.002028	0.997331
1200	800	1.207	0.001419	0.996699
1400	100	1.502	0.001696	0.972226
1400	1000	0.4887	0.0004819	0.996405
1400	1200	0.166	0.0001691	0.990218
1400	1300	0.05455	5.583e-05	0.972843
1400	200	1.458	0.001784	0.979999
1400	400	1.321	0.001382	0.991392
1400	600	1.111	0.001212	0.996883
1400	800	0.825	0.0009092	0.998132
1600	100	0.8063	0.00108	0.965956
1600	1000	0.3731	0.0003842	0.997395
1600	1200	0.2129	0.0002377	0.996193
1600	1400	0.07031	7.503e-05	0.989753
1600	1500	0.02318	2.436e-05	0.971753
1600	200	0.7864	0.0009473	0.975529
1600	400	0.7256	0.0007138	0.988707
1600	600	0.6375	0.0007697	0.995797
1600	800	0.5188	0.0005705	0.997940
1800	100	0.453	0.0005676	0.959604
1800	1000	0.2528	0.0002504	0.998673
1800	1200	0.1771	0.0001865	0.997965
1800	1400	0.09803	9.735e-05	0.996579
1800	1600	0.03186	3.354e-05	0.990806
1800	1700	0.01069	1.081e-05	0.973029
1800	200	0.4422	0.0005438	0.969361
1800	400	0.4125	0.000442	0.985064
1800	600	0.3718	0.0004269	0.993010
1800	800	0.3192	0.0003463	0.997806
2000	100	0.2622	0.0003549	0.951018
2000	1000	0.1649	0.0001688	0.998699
2000	1200	0.1281	0.0001403	0.998742
2000	1400	0.08748	0.0001093	0.998159
2000	1600	0.0472	4.67e-05	0.996451
2000	1800	0.01517	1.492e-05	0.990866
2000	1900	0.005147	5.248e-06	0.974164
2000	200	0.2565	0.0002892	0.961421
2000	400	0.2415	0.0002789	0.979789
2000	600	0.2217	0.0002299	0.990346
2000	800	0.1962	0.0002057	0.996284
200	100	2041.0	2.346	0.992246
2200	100	0.1563	0.0001674	0.939508
2200	1000	0.1055	0.0001095	0.998037
2200	1200	0.08713	9.628e-05	0.999013
2200	1400	0.0664	7.773e-05	0.998765
2200	1600	0.04463	4.84e-05	0.998126
2200	1800	0.02379	2.48e-05	0.996670
2200	200	0.1526	0.0001766	0.954070
2200	2000	0.007548	7.439e-06	0.991219
2200	2100	0.002602	2.498e-06	0.975165
2200	400	0.1443	0.0001654	0.972922
2200	600	0.134	0.0001478	0.986661
2200	800	0.1211	0.0001416	0.994657
2400	100	0.09505	0.0001127	0.927240
2400	1000	0.06736	7.019e-05	0.996465
2400	1200	0.05781	5.909e-05	0.998773
2400	1400	0.04709	4.789e-05	0.999183
2400	1600	0.03533	3.503e-05	0.998847
2400	1800	0.02333	2.242e-05	0.998363
2400	200	0.09283	0.0001097	0.942633
2400	2000	0.01227	1.365e-05	0.997234
2400	2200	0.003845	3.748e-06	0.990952
2400	2300	0.001352	1.315e-06	0.976518
2400	400	0.08794	9.564e-05	0.965656
2400	600	0.08234	9.587e-05	0.981380
2400	800	0.07538	8.756e-05	0.991147
2600	100	0.05897	6.764e-05	0.911755
2600	1000	0.04291	4.713e-05	0.993516
2600	1200	0.03784	4.409e-05	0.998266
2600	1400	0.03211	3.333e-05	0.999089
2600	1600	0.0258	2.518e-05	0.999324
2600	1800	0.01914	1.968e-05	0.998944
2600	200	0.05743	6.807e-05	0.930197
2600	2000	0.01247	1.299e-05	0.998602
2600	2200	0.006481	6.497e-06	0.996925
2600	2400	0.002025	1.828e-06	0.991394
2600	2500	0.0007201	7.203e-07	0.978604
2600	400	0.05436	6.319e-05	0.955102
2600	600	0.05118	5.362e-05	0.974803
2600	800	0.0473	6.17e-05	0.986297
2800	100	0.03711	4.504e-05	0.892252
2800	1000	0.02748	3.423e-05	0.990551
2800	1200	0.02468	2.847e-05	0.996558
2800	1400	0.02155	2.294e-05	0.998949
2800	1600	0.01806	1.892e-05	0.999274
2800	1800	0.01431	1.517e-05	0.999140
2800	200	0.03609	4.32e-05	0.912883
2800	2000	0.01053	1.159e-05	0.999068
2800	2200	0.006788	7.054e-06	0.998417
2800	2400	0.003482	3.796e-06	0.997337
2800	2600	0.001081	1.235e-06	0.992086
2800	2700	0.0003928	4.358e-07	0.979983
2800	400	0.03408	4.134e-05	0.945565
2800	600	0.03214	3.32e-05	0.966709
2800	800	0.0299	3.624e-05	0.980721
3000	100	0.02376	3.079e-05	0.869276
3000	1000	0.01762	2.102e-05	0.985796
3000	1200	0.01605	1.796e-05	0.993943
3000	1400	0.01427	1.619e-05	0.997769
3000	1600	0.01236	1.354e-05	0.999457
3000	1800	0.01025	1.086e-05	0.999409
3000	200	0.02301	2.9e-05	0.892347
3000	2000	0.008069	8.914e-06	0.999249
3000	2200	0.005861	6.037e-06	0.998982
3000	2400	0.003746	4.01e-06	0.998348
3000	2600	0.001903	2.117e-06	0.996905
3000	2800	0.0005913	6.196e-07	0.992045
3000	2900	0.0002188	2.306e-07	0.980340
3000	400	0.02166	2.601e-05	0.930294
3000	600	0.02042	2.362e-05	0.955687
3000	800	0.01905	2.292e-05	0.973169
3200	100	0.01545	1.858e-05	0.840296
3200	1000	0.01134	1.396e-05	0.980183
3200	1200	0.01044	1.194e-05	0.989474
3200	1400	0.009417	1.139e-05	0.996603
3200	1600	0.008364	9.684e-06	0.998987
3200	1800	0.007143	7.594e-06	0.999757
3200	200	0.01486	1.66e-05	0.868152
3200	2000	0.005881	6.135e-06	0.999513
3200	2200	0.004585	5.105e-06	0.999314
3200	2400	0.003303	3.681e-06	0.999163
3200	2600	0.002092	2.301e-06	0.998311
3200	2800	0.001055	1.129e-06	0.997469
3200	3000	0.0003262	3.535e-07	0.992171
3200	3100	0.000123	1.295e-07	0.981154
3200	400	0.01391	1.693e-05	0.913652
3200	600	0.01308	1.672e-05	0.942721
3200	800	0.01223	1.472e-05	0.963875
3400	100	0.01017	1.188e-05	0.808263
3400	1000	0.007375	8.882e-06	0.971097
3400	1200	0.006836	8.225e-06	0.984667
3400	1400	0.006229	7.222e-06	0.993793
3400	1600	0.005584	6.046e-06	0.997624
3400	1800	0.004898	5.736e-06	0.999599
3400	200	0.009756	1.214e-05	0.841265
3400	2000	0.004166	4.634e-06	0.999691
3400	2200	0.0034	3.94e-06	0.999458
3400	2400	0.002632	3.067e-06	0.999380
3400	2600	0.001883	2.246e-06	0.998946
3400	2800	0.001181	1.301e-06	0.998555
3400	3000	0.0005894	6.439e-07	0.997309
3400	3200	0.0001844	1.878e-07	0.992460
3400	3300	7.064e-05	8.19e-08	0.980511
3400	400	0.009058	1.103e-05	0.890749
3400	600	0.008478	1.029e-05	0.925399
3400	800	0.007946	9.166e-06	0.952456
3600	100	0.00683	8.579e-06	0.767738
3600	1000	0.004843	5.692e-06	0.961480
3600	1200	0.004483	6.135e-06	0.977474
3600	1400	0.004124	4.638e-06	0.988592
3600	1600	0.003735	4.34e-06	0.995529
3600	1800	0.003318	3.961e-06	0.998672
3600	200	0.00649	8.656e-06	0.804968
3600	2000	0.002891	3.273e-06	0.999479
3600	2200	0.002443	2.882e-06	0.999557
3600	2400	0.001987	2.313e-06	0.999494
3600	2600	0.001525	1.869e-06	0.999349
3600	2800	0.001083	1.174e-06	0.998984
3600	3000	0.0006751	7.772e-07	0.997961
3600	3200	0.0003352	3.555e-07	0.996810
3600	3400	0.0001055	1.168e-07	0.991802
3600	3500	4.113e-05	4.569e-08	0.980206
3600	400	0.005978	7.365e-06	0.862142
3600	600	0.005568	6.696e-06	0.907309
3600	800	0.005185	5.852e-06	0.937246
3800	100	0.004659	5.259e-06	0.724726
3800	1000	0.003192	3.846e-06	0.946263
3800	1200	0.002961	3.888e-06	0.967839
3800	1400	0.00273	3.187e-06	0.983886
3800	1600	0.002495	3.085e-06	0.991971
3800	1800	0.002251	2.798e-06	0.997161
3800	200	0.004412	5.802e-06	0.767634
3800	2000	0.001995	2.302e-06	0.999401
3800	2200	0.001721	1.885e-06	0.999641
3800	2400	0.001448	1.644e-06	0.999529
3800	2600	0.00117	1.35e-06	0.999463
3800	2800	0.0008948	1.119e-06	0.999132
3800	3000	0.00063	7.454e-07	0.999050
3800	3200	0.0003903	4.961e-07	0.998508
3800	3400	0.0001934	1.988e-07	0.996542
3800	3600	6.13e-05	6.538e-08	0.990899
3800	3700	2.421e-05	2.784e-08	0.977944
3800	400	0.003996	4.929e-06	0.831734
3800	600	0.0037	4.976e-06	0.881309
3800	800	0.003437	4.074e-06	0.918485
4000	100	0.003258	3.736e-06	0.673995
4000	1000	0.002137	2.593e-06	0.930420
4000	1200	0.001984	2.662e-06	0.956848
4000	1400	0.001829	2.437e-06	0.974732
4000	1600	0.001677	2.15e-06	0.987649
4000	1800	0.001529	1.782e-06	0.995009
4000	200	0.003049	3.835e-06	0.721610
4000	2000	0.00137	1.72e-06	0.998166
4000	2200	0.001207	1.458e-06	0.999565
4000	2400	0.00104	1.152e-06	0.999482
4000	2600	0.0008684	1.026e-06	0.999580
4000	2800	0.0006971	8.961e-07	0.999425
4000	3000	0.0005318	6.662e-07	0.999156
4000	3200	0.0003718	4.514e-07	0.998862
4000	3400	0.0002294	2.708e-07	0.997952
4000	3600	0.0001135	1.438e-07	0.996471
4000	3800	3.594e-05	4.086e-08	0.989817
4000	3900	1.456e-05	1.946e-08	0.977827
4000	400	0.002727	4.002e-06	0.795764
4000	600	0.002491	3.209e-06	0.850045
4000	800	0.002299	2.801e-06	0.897258
400	100	194.7	0.24	0.990312
400	200	142.8	0.1868	0.995012
400	300	61.58	0.06085	0.989523
4200	100	0.002323	3.214e-06	0.627422
4200	1000	0.001448	1.861e-06	0.910803
4200	1200	0.001338	1.934e-06	0.941692
4200	1400	0.001241	1.685e-06	0.964154
4200	1600	0.001141	1.476e-06	0.980703
4200	1800	0.001041	1.342e-06	0.990971
4200	200	0.002156	2.943e-06	0.672834
4200	2000	0.0009419	1.388e-06	0.997078
4200	2200	0.0008416	1.096e-06	0.999133
4200	2400	0.0007402	9.207e-07	0.999810
4200	2600	0.0006345	8.236e-07	0.999688
4200	2800	0.0005277	6.572e-07	0.999510
4200	3000	0.0004223	5.21e-07	0.999406
4200	3200	0.0003192	4.101e-07	0.999230
4200	3400	0.0002221	2.935e-07	0.999101
4200	3600	0.0001366	1.799e-07	0.998339
4200	3800	6.727e-05	8.162e-08	0.996993
4200	400	0.001891	2.571e-06	0.753119
4200	4000	2.145e-05	2.746e-08	0.989418
4200	4100	8.993e-06	1.183e-08	0.978108
4200	600	0.001715	2.393e-06	0.819201
4200	800	0.001571	1.981e-06	0.868377
4400	100	0.001696	2.214e-06	0.569450
4400	1000	0.0009943	1.289e-06	0.885955
4400	1200	0.0009204	1.388e-06	0.922944
4400	1400	0.0008498	1.222e-06	0.950717
4400	1600	0.0007847	1.045e-06	0.971681
4400	1800	0.0007199	9.963e-07	0.984822
4400	200	0.001556	2.057e-06	0.621204
4400	2000	0.0006561	9e-07	0.993554
4400	2200	0.0005889	9.199e-07	0.998273
4400	2400	0.0005255	7.412e-07	0.999657
4400	2600	0.0004588	5.92e-07	0.999529
4400	2800	0.0003923	4.911e-07	0.999366
4400	3000	0.000326	4.409e-07	0.999455
4400	3200	0.0002587	3.265e-07	0.999285
4400	3400	0.0001952	2.476e-07	0.999296
4400	3600	0.0001349	1.649e-07	0.998415
4400	3800	8.271e-05	1.053e-07	0.997885
4400	400	0.001352	1.685e-06	0.710542
4400	4000	4.087e-05	4.88e-08	0.996000
4400	4200	1.32e-05	1.937e-08	0.989330
4400	4300	5.639e-06	8.415e-09	0.975477
4400	600	0.001201	1.616e-06	0.779050
4400	800	0.001092	1.594e-06	0.836776
4600	100	0.001268	1.522e-06	0.515256
4600	1000	0.0007013	1.04e-06	0.856220
4600	1200	0.0006428	9.93e-07	0.900583
4600	1400	0.0005911	8.603e-07	0.934962
4600	1600	0.0005437	8.044e-07	0.960056
4600	1800	0.0005009	7.385e-07	0.978001
4600	200	0.001152	1.608e-06	0.568226
4600	2000	0.0004593	6.863e-07	0.989688
4600	2200	0.0004184	6.114e-07	0.996321
4600	2400	0.0003735	5.512e-07	0.999074
4600	2600	0.0003315	4.577e-07	0.999660
4600	2800	0.0002908	3.866e-07	0.999679
4600	3000	0.0002456	3.386e-07	0.999543
4600	3200	0.0002045	2.866e-07	0.999546
4600	3400	0.0001613	2.374e-07	0.999255
4600	3600	0.000121	1.662e-07	0.999101
4600	3800	8.373e-05	1.199e-07	0.998829
4600	400	0.0009786	1.361e-06	0.656275
4600	4000	5.118e-05	7.236e-08	0.997906
4600	4200	2.52e-05	3.479e-08	0.996297
4600	4400	8.234e-06	1.245e-08	0.988505
4600	4500	3.62e-06	5.66e-09	0.976469
4600	600	0.0008614	1.256e-06	0.737205
4600	800	0.0007695	1.056e-06	0.803988
4800	100	0.0009702	1.388e-06	0.462198
4800	1000	0.0005025	7.231e-07	0.828154
4800	1200	0.0004574	7.1e-07	0.875126
4800	1400	0.0004196	6.509e-07	0.916163
4800	1600	0.000384	5.869e-07	0.945914
4800	1800	0.0003578	5.489e-07	0.967814
4800	200	0.00087	1.255e-06	0.518513
4800	2000	0.0003273	4.971e-07	0.983710
4800	2200	0.0002981	4.454e-07	0.992647
4800	2400	0.0002699	4.084e-07	0.997454
4800	2600	0.0002424	3.542e-07	0.999724
4800	2800	0.0002142	3.102e-07	0.999525
4800	3000	0.0001864	2.554e-07	0.999625
4800	3200	0.0001576	2.11e-07	0.999621
4800	3400	0.00013	1.758e-07	0.999760
4800	3600	0.0001024	1.549e-07	0.999477
4800	3800	7.687e-05	1.214e-07	0.998979
4800	400	0.0007256	1.074e-06	0.611451
4800	4000	5.298e-05	7.877e-08	0.998807
4800	4200	3.221e-05	4.578e-08	0.997971
4800	4400	1.594e-05	2.148e-08	0.995654
4800	4600	5.282e-06	8.261e-09	0.987950
4800	4700	2.37e-06	3.919e-09	0.976214
4800	600	0.0006289	8.861e-07	0.696878
4800	800	0.0005569	8.054e-07	0.766116
5000	100	0.0007581	9.438e-07	0.416957
5000	1000	0.0003676	5.567e-07	0.794373
5000	1200	0.0003331	5.112e-07	0.850327
5000	1400	0.0003055	4.864e-07	0.895319
5000	1600	0.0002788	4.262e-07	0.929805
5000	1800	0.0002562	4.516e-07	0.956394
5000	200	0.0006707	9.893e-07	0.466981
5000	2000	0.0002346	3.859e-07	0.975942
5000	2200	0.0002151	3.448e-07	0.987564
5000	2400	0.0001964	3.404e-07	0.995238
5000	2600	0.0001774	3.021e-07	0.998786
5000	2800	0.0001586	2.368e-07	0.999710
5000	3000	0.0001407	2.276e-07	0.999502
5000	3200	0.0001214	1.937e-07	0.999334
5000	3400	0.000103	1.65e-07	0.999605
5000	3600	8.436e-05	1.212e-07	0.999370
5000	3800	6.682e-05	1.099e-07	0.999036
5000	400	0.0005517	7.834e-07	0.562105
5000	4000	4.939e-05	7.454e-08	0.999069
5000	4200	3.418e-05	5.535e-08	0.998583
5000	4400	2.078e-05	3.111e-08	0.998001
5000	4600	1.03e-05	1.514e-08	0.995945
5000	4800	3.466e-06	5.684e-09	0.988280
5000	4900	1.599e-06	2.599e-09	0.977616
5000	600	0.0004704	6.543e-07	0.650286
5000	800	0.0004119	6.123e-07	0.727425
5200	100	0.0006016	8.438e-07	0.372400
5200	1000	0.0002753	4.179e-07	0.758444
5200	1200	0.0002448	3.499e-07	0.819246
5200	1400	0.0002238	3.95e-07	0.870793
5200	1600	0.0002036	3.459e-07	0.911322
5200	1800	0.0001877	3.344e-07	0.943605
5200	200	0.0005304	8.237e-07	0.420857
5200	2000	0.0001722	2.744e-07	0.967604
5200	2200	0.0001578	2.533e-07	0.982678
5200	2400	0.0001447	2.51e-07	0.992253
5200	2600	0.000132	2.279e-07	0.997297
5200	2800	0.0001187	1.763e-07	0.999524
5200	3000	0.0001064	1.569e-07	0.999762
5200	3200	9.365e-05	1.413e-07	0.999675
5200	3400	8.11e-05	1.289e-07	0.999629
5200	3600	6.86e-05	1.052e-07	0.999500
5200	3800	5.595e-05	8.546e-08	0.999297
5200	400	0.0004292	6.357e-07	0.518654
5200	4000	4.402e-05	6.318e-08	0.999450
5200	4200	3.286e-05	5.308e-08	0.999188
5200	4400	2.263e-05	3.545e-08	0.998642
5200	4600	1.371e-05	1.95e-08	0.997986
5200	4800	6.813e-06	1.045e-08	0.995749
5200	5000	2.335e-06	3.599e-09	0.990046
5200	5100	1.087e-06	1.605e-09	0.979613
5200	600	0.0003595	5.299e-07	0.605424
5200	800	0.0003114	4.776e-07	0.686712
5400	100	0.0004865	6.708e-07	0.330159
5400	1000	0.0002083	2.954e-07	0.721372
5400	1200	0.0001855	2.834e-07	0.787955
5400	1400	0.0001676	2.957e-07	0.846020
5400	1600	0.0001529	2.66e-07	0.894130
5400	1800	0.0001394	2.382e-07	0.927524
5400	200	0.0004262	6.83e-07	0.376469
5400	2000	0.0001282	2.218e-07	0.955436
5400	2200	0.000118	2.015e-07	0.975211
5400	2400	0.0001083	1.769e-07	0.986527
5400	2600	9.949e-05	1.665e-07	0.995579
5400	2800	9.056e-05	1.517e-07	0.998892
5400	3000	8.175e-05	1.218e-07	0.999664
5400	3200	7.273e-05	1.071e-07	0.999798
5400	3400	6.379e-05	1.037e-07	0.999820
5400	3600	5.541e-05	9.087e-08	0.999820
5400	3800	4.661e-05	6.893e-08	0.999819
5400	400	0.0003393	4.736e-07	0.470599
5400	4000	3.801e-05	5.785e-08	0.999273
5400	4200	2.978e-05	4.618e-08	0.999519
5400	4400	2.228e-05	3.432e-08	0.999029
5400	4600	1.512e-05	2.523e-08	0.998902
5400	4800	9.22e-06	1.313e-08	0.997802
5400	5000	4.593e-06	7.056e-09	0.996459
5400	5200	1.579e-06	2.489e-09	0.991537
5400	5300	7.552e-07	1.172e-09	0.981073
5400	600	0.0002807	4.1e-07	0.560318
5400	800	0.0002399	3.808e-07	0.646223
5600	100	0.0003985	4.51e-07	0.289735
5600	1000	0.0001613	2.442e-07	0.684615
5600	1200	0.0001422	2.112e-07	0.752628
5600	1400	0.0001278	2.186e-07	0.819662
5600	1600	0.0001157	2.016e-07	0.868334
5600	1800	0.0001057	2.102e-07	0.909859
5600	200	0.0003456	4.529e-07	0.337469
5600	2000	9.679e-05	1.624e-07	0.941899
5600	2200	8.893e-05	1.537e-07	0.966940
5600	2400	8.211e-05	1.412e-07	0.980964
5600	2600	7.583e-05	1.204e-07	0.990944
5600	2800	6.938e-05	1.141e-07	0.996960
5600	3000	6.324e-05	9.897e-08	0.999500
5600	3200	5.701e-05	9.265e-08	0.999725
5600	3400	5.059e-05	8.708e-08	0.999676
5600	3600	4.46e-05	7.185e-08	0.999815
5600	3800	3.828e-05	6.076e-08	0.999562
5600	400	0.000272	3.85e-07	0.429075
5600	4000	3.211e-05	5.184e-08	0.999652
5600	4200	2.62e-05	4.236e-08	0.999696
5600	4400	2.066e-05	3.154e-08	0.999557
5600	4600	1.518e-05	2.33e-08	0.999226
5600	4800	1.041e-05	1.672e-08	0.999108
5600	5000	6.317e-06	1.052e-08	0.998312
5600	5200	3.174e-06	4.99e-09	0.996701
5600	5400	1.108e-06	1.712e-09	0.992111
5600	5500	5.342e-07	8.222e-10	0.984816
5600	600	0.0002224	3.416e-07	0.519898
5600	800	0.0001875	2.803e-07	0.607786
5800	100	0.0003305	3.996e-07	0.260567
5800	1000	0.0001267	1.968e-07	0.645258
5800	1200	0.0001108	1.835e-07	0.723843
5800	1400	9.829e-05	1.65e-07	0.788998
5800	1600	8.897e-05	1.722e-07	0.846489
5800	1800	8.067e-05	1.642e-07	0.892025
5800	200	0.0002862	4.152e-07	0.303984
5800	2000	7.43e-05	1.348e-07	0.929332
5800	2200	6.836e-05	1.165e-07	0.955528
5800	2400	6.282e-05	1.183e-07	0.974386
5800	2600	5.84e-05	9.986e-08	0.987181
5800	2800	5.32e-05	9.304e-08	0.994720
5800	3000	4.904e-05	8.05e-08	0.998765
5800	3200	4.456e-05	7.319e-08	0.999599
5800	3400	4.043e-05	6.282e-08	0.999859
5800	3600	3.578e-05	6.027e-08	0.999692
5800	3800	3.137e-05	4.866e-08	0.999718
5800	400	0.0002217	3.19e-07	0.388795
5800	4000	2.705e-05	4.71e-08	0.999835
5800	4200	2.274e-05	4.012e-08	0.999789
5800	4400	1.845e-05	3.097e-08	0.999835
5800	4600	1.441e-05	2.277e-08	0.999643
5800	4800	1.067e-05	1.789e-08	0.999096
5800	5000	7.311e-06	1.244e-08	0.999268
5800	5200	4.402e-06	7.217e-09	0.998465
5800	5400	2.195e-06	3.877e-09	0.997450
5800	5600	7.834e-07	1.267e-09	0.993370
5800	5700	3.822e-07	6.506e-10	0.986750
5800	600	0.0001794	2.486e-07	0.482045
5800	800	0.0001491	2.413e-07	0.565616
6000	100	0.0002783	3.811e-07	0.232251
6000	1000	0.0001013	1.604e-07	0.610912
6000	1200	8.778e-05	1.3e-07	0.690989
6000	1400	7.75e-05	1.247e-07	0.757933
6000	1600	6.938e-05	1.21e-07	0.822426
6000	1800	6.289e-05	1.215e-07	0.871181
6000	200	0.0002388	3.25e-07	0.272614
6000	2000	5.7e-05	1.029e-07	0.911668
6000	2200	5.28e-05	9.37e-08	0.944026
6000	2400	4.899e-05	8.21e-08	0.967211
6000	2600	4.509e-05	7.55e-08	0.981444
6000	2800	4.172e-05	7.11e-08	0.991513
6000	3000	3.839e-05	6.528e-08	0.996888
6000	3200	3.512e-05	6.166e-08	0.999137
6000	3400	3.192e-05	5.232e-08	0.999953
6000	3600	2.887e-05	4.825e-08	0.999881
6000	3800	2.564e-05	4.264e-08	0.999857
6000	400	0.0001827	2.651e-07	0.356037
6000	4000	2.248e-05	3.803e-08	0.999667
6000	4200	1.929e-05	3.137e-08	0.999881
6000	4400	1.615e-05	2.668e-08	0.999856
6000	4600	1.31e-05	2.302e-08	0.999928
6000	4800	1.016e-05	1.815e-08	0.999735
6000	5000	7.596e-06	1.33e-08	0.999500
6000	5200	5.104e-06	7.821e-09	0.999372
6000	5400	3.108e-06	4.877e-09	0.998767
6000	5600	1.572e-06	2.667e-09	0.998039
6000	5800	5.528e-07	9.018e-10	0.994194
6000	5900	2.731e-07	4.223e-10	0.989024
6000	600	0.0001454	2.089e-07	0.436673
6000	800	0.0001202	1.728e-07	0.531216
600	100	45.97	0.06183	0.986744
600	200	40.29	0.04068	0.993915
600	400	19.83	0.02177	0.994059
600	500	7.149	0.008648	0.985134
6200	100	0.0002359	3.02e-07	0.208824
6200	1000	8.167e-05	1.225e-07	0.573277
6200	1200	6.978e-05	1.02e-07	0.658241
6200	1400	6.133e-05	9.743e-08	0.726332
6200	1600	5.458e-05	9.035e-08	0.794565
6200	1800	4.93e-05	9.583e-08	0.849791
6200	200	0.0002015	2.888e-07	0.243252
6200	2000	4.496e-05	9.152e-08	0.894733
6200	2200	4.128e-05	7.852e-08	0.931549
6200	2400	3.807e-05	6.257e-08	0.956592
6200	2600	3.529e-05	6.307e-08	0.975045
6200	2800	3.273e-05	5.814e-08	0.988111
6200	3000	3.011e-05	5.095e-08	0.994863
6200	3200	2.774e-05	4.651e-08	0.998881
6200	3400	2.539e-05	3.969e-08	0.999703
6200	3600	2.313e-05	4.143e-08	0.999880
6200	3800	2.072e-05	3.306e-08	0.999880
6200	400	0.0001519	2.077e-07	0.322130
6200	4000	1.841e-05	3.029e-08	0.999807
6200	4200	1.606e-05	2.75e-08	0.999928
6200	4400	1.377e-05	2.331e-08	0.999832
6200	4600	1.155e-05	1.967e-08	0.999856
6200	4800	9.384e-06	1.584e-08	0.999784
6200	5000	7.321e-06	1.263e-08	0.999809
6200	5200	5.369e-06	8.48e-09	0.999565
6200	5400	3.64e-06	6.019e-09	0.999614
6200	5600	2.202e-06	3.543e-09	0.999036
6200	5800	1.113e-06	1.842e-09	0.998685
6200	600	0.0001202	1.793e-07	0.403809
6200	6000	3.959e-07	6.378e-10	0.995682
6200	6100	1.969e-07	2.971e-10	0.991584
6200	800	9.734e-05	1.392e-07	0.488790
6400	100	0.0002018	2.668e-07	0.184443
6400	1000	6.614e-05	9.996e-08	0.534278
6400	1200	5.655e-05	8.513e-08	0.626375
6400	1400	4.885e-05	7.283e-08	0.698073
6400	1600	4.322e-05	7.515e-08	0.768567
6400	1800	3.878e-05	6.949e-08	0.826228
6400	200	0.0001703	2.268e-07	0.215239
6400	2000	3.541e-05	6.616e-08	0.877024
6400	2200	3.233e-05	6.195e-08	0.915370
6400	2400	2.994e-05	5.666e-08	0.946206
6400	2600	2.771e-05	5.138e-08	0.967256
6400	2800	2.553e-05	4.402e-08	0.981532
6400	3000	2.375e-05	4.07e-08	0.991633
6400	3200	2.198e-05	3.716e-08	0.997030
6400	3400	2.033e-05	3.573e-08	0.999338
6400	3600	1.861e-05	3.158e-08	0.999953
6400	3800	1.678e-05	2.807e-08	0.999905
6400	400	0.0001275	1.797e-07	0.287634
6400	4000	1.511e-05	2.705e-08	0.999976
6400	4200	1.343e-05	2.345e-08	0.999952
6400	4400	1.164e-05	1.808e-08	0.999952
6400	4600	9.949e-06	1.611e-08	0.999825
6400	4800	8.339e-06	1.305e-08	0.999808
6400	5000	6.753e-06	1.044e-08	0.999880
6400	5200	5.239e-06	8.522e-09	0.999760
6400	5400	3.838e-06	6.53e-09	0.999761
6400	5600	2.611e-06	4.418e-09	0.999566
6400	5800	1.59e-06	2.503e-09	0.999286
6400	600	9.967e-05	1.554e-07	0.370031
6400	6000	7.953e-07	1.382e-09	0.998868
6400	6200	2.833e-07	4.545e-10	0.997098
6400	6300	1.425e-07	2.236e-10	0.993547
6400	800	7.972e-05	1.143e-07	0.448046
6600	100	0.0001734	2.194e-07	0.164479
6600	1000	5.406e-05	7.688e-08	0.499397
6600	1200	4.589e-05	6.686e-08	0.585013
6600	1400	3.926e-05	5.504e-08	0.665005
6600	1600	3.438e-05	6.211e-08	0.736019
6600	1800	3.065e-05	5.337e-08	0.804496
6600	200	0.0001461	1.727e-07	0.196644
6600	2000	2.757e-05	5.809e-08	0.855117
6600	2200	2.539e-05	4.254e-08	0.901074
6600	2400	2.334e-05	4.135e-08	0.931461
6600	2600	2.162e-05	3.58e-08	0.959003
6600	2800	1.997e-05	3.653e-08	0.976803
6600	3000	1.864e-05	3.131e-08	0.987497
6600	3200	1.739e-05	2.73e-08	0.995059
6600	3400	1.596e-05	2.901e-08	0.998707
6600	3600	1.474e-05	2.711e-08	0.999787
6600	3800	1.353e-05	2.192e-08	1.000000
6600	400	0.0001082	1.383e-07	0.259458
6600	4000	1.228e-05	2.069e-08	0.999882
6600	4200	1.098e-05	1.916e-08	0.999929
6600	4400	9.688e-06	1.589e-08	0.999928
6600	4600	8.438e-06	1.308e-08	0.999928
6600	4800	7.233e-06	1.124e-08	0.999928
6600	5000	6.013e-06	9.889e-09	0.999928
6600	5200	4.89e-06	8.497e-09	0.999858
6600	5400	3.755e-06	6.445e-09	0.999976
6600	5600	2.759e-06	4.305e-09	0.999690
6600	5800	1.882e-06	2.959e-09	0.999765
6600	600	8.348e-05	1.25e-07	0.339095
6600	6000	1.129e-06	1.665e-09	0.999526
6600	6200	5.651e-07	8.641e-10	0.999152
6600	6400	2.036e-07	3.334e-10	0.997494
6600	6500	1.027e-07	1.69e-10	0.995833
6600	800	6.625e-05	9.841e-08	0.414718
6800	100	0.0001499	2.018e-07	0.143102
6800	1000	4.476e-05	6.868e-08	0.463949
6800	1200	3.721e-05	5.593e-08	0.547326
6800	1400	3.161e-05	4.564e-08	0.626749
6800	1600	2.753e-05	4.737e-08	0.703531
6800	1800	2.435e-05	4.39e-08	0.775219
6800	200	0.0001259	1.843e-07	0.168671
6800	2000	2.193e-05	4.118e-08	0.831733
6800	2200	2.014e-05	3.729e-08	0.881289
6800	2400	1.838e-05	3.067e-08	0.918349
6800	2600	1.703e-05	3.037e-08	0.948682
6800	2800	1.567e-05	2.654e-08	0.967387
6800	3000	1.471e-05	2.616e-08	0.982784
6800	3200	1.371e-05	2.303e-08	0.991275
6800	3400	1.269e-05	2.365e-08	0.996941
6800	3600	1.175e-05	2.142e-08	0.999350
6800	3800	1.078e-05	1.846e-08	1.000000
6800	400	9.183e-05	1.215e-07	0.229328
6800	4000	9.962e-06	1.743e-08	1.000000
6800	4200	8.946e-06	1.671e-08	1.000000
6800	4400	7.985e-06	1.249e-08	0.999953
6800	4600	7.062e-06	1.106e-08	0.999976
6800	4800	6.14e-06	9.654e-09	0.999953
6800	5000	5.23e-06	7.913e-09	0.999953
6800	5200	4.363e-06	6.576e-09	0.999906
6800	5400	3.502e-06	5.826e-09	0.999859
6800	5600	2.723e-06	4.128e-09	0.999880
6800	5800	1.995e-06	3.178e-09	0.999860
6800	600	7.029e-05	1.012e-07	0.300979
6800	6000	1.349e-06	2.049e-09	0.999884
6800	6200	8.113e-07	1.257e-09	0.999651
6800	6400	4.028e-07	6.893e-10	0.999465
6800	6600	1.453e-07	2.149e-10	0.998536
6800	6700	7.379e-08	1.111e-10	0.996880
6800	800	5.529e-05	8.185e-08	0.378812
7000	100	0.0001304	1.542e-07	0.126889
7000	1000	3.733e-05	5.305e-08	0.425449
7000	1200	3.059e-05	4.729e-08	0.508521
7000	1400	2.581e-05	3.719e-08	0.590401
7000	1600	2.223e-05	3.648e-08	0.671283
7000	1800	1.945e-05	3.085e-08	0.744944
7000	200	0.0001093	1.499e-07	0.148430
7000	2000	1.747e-05	3.107e-08	0.805405
7000	2200	1.583e-05	2.72e-08	0.859216
7000	2400	1.447e-05	2.411e-08	0.904215
7000	2600	1.333e-05	2.194e-08	0.934986
7000	2800	1.239e-05	1.925e-08	0.959364
7000	3000	1.152e-05	2.185e-08	0.976664
7000	3200	1.067e-05	1.868e-08	0.987350
7000	3400	9.959e-06	1.704e-08	0.994423
7000	3600	9.236e-06	1.543e-08	0.998435
7000	3800	8.562e-06	1.435e-08	0.999857
7000	400	7.917e-05	1.013e-07	0.204773
7000	4000	7.892e-06	1.436e-08	1.000000
7000	4200	7.176e-06	1.137e-08	0.999977
7000	4400	6.497e-06	1.039e-08	1.000000
7000	4600	5.812e-06	9.954e-09	1.000000
7000	4800	5.141e-06	8.106e-09	1.000000
7000	5000	4.436e-06	6.277e-09	0.999930
7000	5200	3.767e-06	5.865e-09	0.999953
7000	5400	3.147e-06	4.854e-09	0.999954
7000	5600	2.523e-06	3.877e-09	0.999931
7000	5800	1.955e-06	3.041e-09	0.999932
7000	600	5.966e-05	8.135e-08	0.271832
7000	6000	1.424e-06	2.037e-09	0.999977
7000	6200	9.628e-07	1.517e-09	0.999931
7000	6400	5.802e-07	8.805e-10	0.999592
7000	6600	2.877e-07	3.977e-10	0.999590
7000	6800	1.036e-07	1.537e-10	0.998786
7000	6900	5.312e-08	8.539e-11	0.997894
7000	800	4.659e-05	6.613e-08	0.344323
800	100	15.51	0.01839	0.984041
800	200	14.46	0.0169	0.991429
800	400	10.41	0.01045	0.996318
800	600	4.351	0.005513	0.992492
800	700	1.473	0.001783	0.981425
